59
94
46
8
13
37
43
77
25
44
47
71
93
46
5
42
1
5
32
56
2
50
85
54
84
75
43
31
58
45
91
99
13
90
94
72
6
83
55
32
45
14
98
34
25
7
10
1
28
82
71
28
31
31
9
9
8
92
24
37
93
11
19
79
52
47
57
2
52
33
36
17
49
99
11
88
51
50
29
76
64
42
3
76
73
62
68
82
80
84
63
14
59
17
38
33
94
18
81
77
49
8
49
95
45
53
79
32
20
20
57
58
62
47
73
51
7
42
5
89
79
75
21
67
70
22
58
31
60
77
94
33
69
51
27
56
92
8
30
20
83
35
61
60
26
4
51
11
44
87
26
51
12
91
97
74
86
81
25
23
94
47
71
43
26
24
89
10
20
17
58
99
11
85
6
43
14
61
40
65
70
47
87
73
51
42
20
77
53
53
69
11
83
7
25
35
64
17
33
2
15
40
91
26
28
26
40
26
85
54
59
25
40
59
52
47
60
98
92
84
4
12
56
67
47
47
16
4
60
70
79
96
27
38
49
30
55
60
44
24
1
93
91
99
93
44
70
23
54
77
75
65
25
49
97
3
83
24
79
81
9
35
66
15
74
63
97
1
10
22
91
99
53
67
82
11
20
57
73
3
76
93
49
83
94
13
70
78
41
45
46
31
81
63
14
65
27
75
25
29
46
68
12
32
85
76
12
57
66
86
83
26
50
75
4
16
86
83
20
60
92
